22
0.5856940064558290
-0.1579829425463218
0.2472503608194383
0.8780736397876517
-1.5229327233422258
-1.9783654323144946
1.4428379178154356
0.1093751214861339
0.7903622658281831
0.5367631822118660
0.1441227436912201
0.4922474418919277
-1.3373693845356984
0.1312260334934834
-0.2637803003893033
0.1243072652555453
-0.2963739886109835
0.8524632222059886
-1.5610990780249205
-0.4249470057610454
0.2709980232660446
1.2960521288727995
0.5617061359760539
-0.6188840716836411
0.1509284907031947
-1.1401358709535956
1.6779024398944242
-1.2512741336378812
0.8111579521693330
1.2921968304262494
-0.6322917988418389
-0.3709261707345860
-1.1304890149398046
1.7258506552409103
1.8351082541666173
-2.1811606116454167
-0.9767788850694383
1.2667182951176221
-0.1797125863918422
-2.4219680033512030
-1.4053212394010470
-0.3158249751226720
0.9024542951630957
0.1164630257288239
-0.3816583940807057
-0.7966725305353348
0.6465515502981949
0.4317095374461103
-2.0085182105783925
-0.1631802426650221
0.8277306752864764
-1.7971359545132990
-0.9939482827209160
0.8390644238400655
-0.4285233313158441
-0.8932858434841349
-1.8680160274286732
0.2798546430384923
0.1726196322016556
-1.4020013990391136
-1.3645478094634074
0.6013674049417713
-0.8996713512672285
-0.2375654034377211
0.0708908851608255
-0.4703284070905904
-0.5525759193892636
1.0989807295678300
0.5970006762154115
0.5220663680838806
0.7175396192689715
-0.7349587192755370
-3.2051806967572576
-0.7305490868983786
-0.6147943694112754
0.1261190120758895
-1.3812716035342063
-0.8020240479790267
1.1977231672152739
0.1935964692841724
-0.1152486674895121
1.0495961754527741
-1.0755299006159560
0.2374120361727463
-1.1243713085753684
-0.2310584707110611
1.5299902916694539
0.6857945563439433
1.6537791280695524
-0.6658985869797578
0.7377232927770810
-0.2037115027042934
-0.4455459465138520
-1.1528710574002139
1.5631013797717868
0.1119686289014293
1.0197936275157207
0.2448313739176067
0.7729446876760211
-0.4764230387063046
0.6363498432507587
-0.1539848979445514
0.4665354949077347
-2.1348443529322751
-0.4369405798229056
-0.1822577676790333
-1.3520399612343597
0.9242939142126269
0.0812834109914990
-2.1661909799212187
0.2706725172014494
0.0751627425701218
1.1547932692281382
0.0533351959996642
-0.9485176221351533
0.3428995676196928
0.6190135897172223
2.6962207657434640
1.7218125234717314
-1.4877372392035839
1.0332248048972303
-0.0614386908114439
-0.7593617848080115
1.6781281174232550
-0.5203665730605230
-0.9864930313392415
-1.1803389080228706
-0.1514337364174529
0.7083571975515108
0.6017489814145082
0.8338518464252785
-0.8593260736075373
0.9670080561943830
1.6575908304871700
1.0282199474788758
0.6803962741745467
0.8108971021276300
0.5720248652391383
-2.1828960254604954
0.7546538506857484
2.0312977267783605
1.4251908671373865
1.9328825151124869
-1.6459367009995927
0.1401375544186025
-0.7439900213463119
0.1866428149856217
-1.0119905384094505
-1.0454132186842855
0.5289522325295598
1.2105912233085250
-0.4865447633691386
-0.7251211525793944
0.6084942503966924
-0.4932997803006154
-0.8808542906033535
0.8252834166230167
-0.4574216874634403
0.5995017413117876
-1.2469596198499011
-1.9646361643957524
0.0855962108823966
-1.3341264286977184
-0.4381440823365295
-1.5905908022456492
0.1625319980652606
1.4086416790346723
-0.3527713707880678
1.0571324063523881
-0.6484333030252577
-0.1516156124181063
0.5308379069917952
-0.2390023405870258
-1.2224170788934554
0.5653693192256531
0.9894047894898303
1.3352654807672542
-0.7870250000574102
1.1880895622746530
0.9450796436777499
-0.8656289774182723
-2.0194356102675646
0.2104223007527918
-2.9346236198353486
-1.4902500180317921
-0.1328520522815935
-0.4697937649878984
0.1083066953492340
0.2826357808078762
-0.2938356961703277
1.4357468370642539
-1.3351224005390392
1.1057630256287119
0.3994952211059006
-0.1320413687905196
0.3817483839244877
0.5401189491931560
-0.0450876539511547
0.2657821340526664
0.3861001132685827
0.5549707627290283
1.7609767688701998
-0.1015503875293390
0.5059543607969048
0.4850683785830960
0.5710965389070092
0.4173985669365529
1.0904722590583638
1.0029216925490552
-0.8328048712494487
-1.7809300492625777
-0.2022533105571738
0.7498856227768743
0.4918966085569423
-2.7117149189658689
1.2400071168802207
-0.4607716970661893
-2.2556977300799965
0.5145728728425298
0.6809815484729531
-0.4853120289648879
-0.7135520950253553
-0.5304073927903008
-0.2123902484169160
-0.0946170932749093
-0.7234804900176345
-1.4281639154136121
-0.0283311390490545
0.2335203552607691
0.0213092418952287
-0.8005920902527172
-0.7908896561601201
-0.4219622049210602
1.8671412707025374
1.7643334723926296
-0.3408624868399761
-0.8350977750323966
0.2453226254671972
-1.2779540353026808
-1.2313287940089142
-0.3036215777476395
-0.2487687679497402
-0.8980514010741850
0.5215690111851908
-0.5017663761565475
-2.0220811068464064
0.0475881422246321
-1.1415587648885466
-1.3875334178772161
-1.0058289355950116
1.0895375479017830
-0.1672600732614741
-1.7328386599426651
